0.69340986
0.9987556
0.9080467
0.9998011
0.9873218
0.9890519
0.7950248
0.0025185547
0.9373777
0.977666
0.9186981
0.99999726
0.25264457
0.99997437
0.9999534
0.9997166
0.9999691
0.99999106
0.9454097
0.99939907
1.0
0.19642462
0.91374654
0.93477964
0.9511094
0.9145499
0.9634667
0.99736905
0.91389966
0.9992643
0.99992025
0.69973683
0.99445087
0.9800143
0.44051594
0.99382895
1.0
0.5355295
0.978691
0.9931096
0.9981394
0.9984647
0.98528916
0.01978528
0.635152
0.9848546
0.9983151
0.90604603
0.99108136
0.99961615
0.9838441
0.70040625
0.09193537
0.9995005
0.757266
0.8986084
0.9172924
0.98452675
0.9705403
0.9952246
0.63772494
0.99051815
0.99934345
0.24389045
0.6048885
0.9939972
0.9999956
0.977418
0.1555074
0.23739225
0.91017264
0.9999999
0.83143806
0.9962263
0.051535297
0.99767107
0.6166296
0.99445784
0.9799247
0.6702272
0.88513553
0.9999423
0.9999721
0.9496094
0.9660447
0.99098104
0.9995901
0.9820858
0.9411057
0.9416721
0.9999901
0.96962476
1.0
0.97333014
0.76249063
0.99954766
0.90243274
0.9130903
0.6736324
0.99836665
0.99884206
0.9806219
0.9991793
0.90078723
0.9860016
0.99628496
0.58228815
0.9905138
0.3802714
0.99971265
0.0299214
0.87331766
0.9986344
0.99771
0.9755476
0.90944976
0.9971585
0.3425203
0.26537144
0.9940587
0.9997155
0.99999785
0.11490287
0.9925304
0.97429216
0.98188466
0.7874291
0.9943698
0.9914197
0.8128235
1.0
0.99997234
0.13342483
0.9895409
0.9890187
0.725965
0.054982986
0.57965213
0.99926466
0.9995521
0.99941635
0.9716508
0.9872628
0.89801186
0.9788284
0.99999714
nan
0.99176383
0.9986953
nan
0.99957305
0.9995573
1.0
0.9940608
1.0
0.9999937
0.9947627
0.88446224
0.929587
0.9987331
0.29984707
0.99998033
0.5016103
0.7618277
0.12669723
0.9951871
0.9987627
0.85953134
nan
0.9833506
0.9812378
0.9495083
0.56697017
0.96635556
0.9979709
0.8665672
0.9996524
0.954472
0.99756324
0.9689191
0.9992005
0.9986701
0.9606679
0.99962854
0.9858871
0.98821837
0.9925189
0.8203981
0.7416887
0.050814614
0.9964868
0.98974776
0.008535578
0.997598
0.9987613
0.9523169
0.99997103
0.9963839
0.9944154
0.96561426
0.9276663
0.9986903
0.9987412
0.98994046
0.98796344
0.9826498
0.05235525
0.83961576
0.036298174
0.94627666
0.97442967
1.0
0.7250065
0.9993806
0.9988494
nan
0.9535667
0.5080748
0.983661
0.9900994
0.95359725
0.42109546
0.9956607
0.8993479
0.9988411
0.9833661
0.97864956
0.02558975
0.9998599
0.9367722
0.52588207
0.9994486
0.99947375
0.98539263
0.5029897
0.9818688
0.7396667
0.9631375
0.8878369
0.9995846
1.0
0.5749856
0.9986314
0.6215995
0.9999993
0.99833447
0.99963236
0.97209543
0.9555943
0.025470937
0.09954149
0.9999995
0.018791147
0.99999917
0.999438
0.26083907
0.9342287
0.8512651
0.96134776
0.976649
0.82935727
0.9957189
0.81684
0.9778821
0.65072256
0.99987674
1.0
0.9993492
0.9782601
nan
nan
nan
nan
0.0017330312
0.93909943
0.9999362
0.9984561
nan
0.14917247
nan
nan
nan
0.902913
nan
nan
0.37309992
0.9964657
0.99921787
nan
0.9992151
nan
nan
0.87757605
nan
nan
0.9921549
0.71035916
nan
0.0027298555
nan
nan
0.99865663
0.6074934
0.09530337
0.136039
nan
0.0008956036
0.99800605
0.9920867
nan
0.99681205
nan
nan
nan
0.9997634
nan
0.99770206
0.9650111
nan
nan
0.96518356
0.32125226
0.93368405
0.9978446
nan
0.79938394
0.30091164
0.97502184
nan
0.99999774
0.99928975
0.9993198
0.5097501
nan
0.97566175
0.09399914
0.9881045
0.99999034
0.72793555
nan
0.97993785
nan
nan
0.94603175
nan
nan
0.7265027
0.9999999
0.9987583
0.7246087
0.97509277
nan
nan
0.04684132
nan
0.76429963
0.9276474
0.6595468
0.99998736
nan
0.67863464
0.9993691
nan
nan
0.92770386
0.83722436
0.029499246
nan
nan
nan
0.99829406
0.99925214
0.007712715
0.13603406
0.7995993
0.9637469
nan
0.97759366
0.99998724
nan
0.99093455
0.9996092
nan
0.090669386
0.9999937
nan
nan
nan
0.960493
0.9990243
0.99911195
0.99972636
0.93680674
nan
0.9863577
nan
0.90040475
0.96354073
nan
0.9950245
nan
nan
nan
nan
nan
0.99999404
0.99983776
nan
0.9977324
nan
0.9194724
0.99778616
0.9869571
0.9999875
nan
0.99646795
0.5095737
0.083599366
0.9999994
0.9982724
0.00379986
nan
nan
0.9671389
0.99916625
nan
0.09809628
0.9889818
0.7451539
0.7282198
nan
0.99903035
nan
nan
0.9999864
nan
0.16343008
0.00017176682
0.98116976
0.9530881
0.9997398
nan
6.656559e-05
0.9574138
0.99658304
nan
0.99963045
nan
0.89797187
0.18340972
nan
0.008681947
3.2477756e-06
0.78126717
0.030180696
0.99388725
0.10922904
0.65324587
1.0
0.8745161
0.058615632
0.8736103
0.99052703
0.012281117
0.103297025
0.038209192
nan
0.10298698
0.9772503
nan
0.47658613
nan
0.86420894
0.9262831
0.9904737
0.9992829
0.033819124
0.95615906
nan
0.37058654
nan
0.9985285
0.99038637
nan
0.9893093
nan
0.97127163
0.37390396
nan
nan
0.9997241
0.99994385
0.007891842
0.9502195
nan
nan
0.08957356
0.20690301
0.99746215
0.20821458
0.99755055
0.761063
nan
nan
0.99965966
0.9154505
0.92989427
0.7474715
0.0017002724
0.6229535
0.9976579
0.5548346
0.993763
nan
nan
0.020379081
0.02769631
0.46520543
0.99999726
nan
0.9142038
0.7010679
0.9824295
nan
0.99380374
nan
nan
0.5016907
0.9619492
0.592194
0.9979335
nan
0.9613183
0.48644146
0.02825218
0.9946083
0.98665535
0.99944276
8.251883e-06
nan
0.0007205784
0.9810791
0.4470082
0.99999
0.009024006
0.22648498
0.08842979
0.9861011
0.99510646
nan
0.99999774
0.98490876
0.99429893
0.9815497
nan
nan
0.8731276
nan
6.730923e-05
0.0060374667
nan
nan
nan
0.9916258
nan
nan
0.9952009
0.004024829
0.7153788
nan
0.013466812
0.99233377
nan
0.51953083
0.019858614
0.06208901
0.9945696
nan
0.08140651
0.0046120235
0.19792005
nan
0.0067668334
0.7499848
nan
nan
nan
0.7735598
0.028003445
0.9997726
nan
0.00014928123
1.9730098e-05
0.99897194
0.20179272
1.4480138e-06
nan
nan
0.056920037
nan
0.0744881
0.24290873
0.96308875
nan
nan
0.000280262
nan
0.030317426
nan
0.9999722
0.7703384
nan
nan
0.9998894
nan
0.95569044
nan
0.10001877
0.8246034
nan
nan
0.9953316
nan
0.0034292485
0.9816042
nan
0.0045229387
0.36771095
nan
0.41816762
0.9971908
nan
nan
0.9999994
0.95835954
nan
0.024877826
nan
0.8788412
nan
0.9198919
nan
nan
nan
nan
0.9726228
nan
0.6908325
nan
nan
0.9960049
0.028295467
0.6211918
0.9961951
0.9583396
nan
0.0916474
nan
0.013181735
0.9101141
0.9070965
0.8386431
nan
0.13921762
0.0002668412
3.821781e-05
0.83945936
0.99768436
nan
0.99076813
nan
3.96839e-08
nan
0.021473132
0.0009607483
0.9703198
nan
0.69561386
0.1763903
0.7817335
0.04324414
0.99678564
0.00068358774
0.9937484
nan
nan
0.6968451
0.003763021
0.05083789
0.0006414983
nan
nan
0.99999857
0.1667609
nan
nan
nan
nan
0.9994203
0.99986017
nan
0.9987104
0.95355225
nan
nan
0.13991413
3.6259968e-05
nan
0.00014961997
0.057604153
nan
nan
0.15627936
0.9732512
nan
nan
0.999998
0.00011656045
0.0001505868
nan
nan
0.08408507
0.9999987
nan
0.9991321
0.7484644
0.046084687
nan
0.9950972
nan
nan
nan
0.956793
0.99965644
nan
2.7744927e-05
nan
nan
nan
0.12605034
0.9935701
nan
nan
0.62501705
0.014182723
nan
nan
nan
nan
0.9973786
nan
0.081329376
nan
1.1640626e-06
0.99729854
nan
0.9975223
0.9123302
0.9807997
nan
0.014968254
0.98967934
0.9985984
nan
0.97024405
6.259406e-05
0.9787299
0.21010563
0.00026673792
0.99887174
9.734367e-05
0.9998223
0.99998164
0.68354195
0.0007200677
0.9955811
0.99999106
nan
0.99648654
nan
0.9872219
nan
nan
nan
0.9998671
0.25540906
nan
nan
0.0012884383
2.8388217e-06
0.047997467
nan
0.9477212
7.6066653e-06
0.19941129
0.9391366
nan
0.99982786
nan
nan
0.9837045
0.9233335
nan
0.83580095
0.00065285416
0.9631248
0.99916255
0.08022017
0.0066672605
0.00030430563
0.96966726
nan
0.07487371
0.99938893
0.98849994
0.9930361
0.0048947707
0.9913867
0.9866346
nan
nan
0.18422644
0.99009573
nan
0.9967334
0.013758934
0.9981129
0.0076007387
7.4675336e-06
0.040360425
0.3306687
0.061541926
0.9963643
6.957252e-08
0.9782931
nan
0.7017584
1.6225355e-05
0.32743007
0.8694055
nan
nan
nan
0.99999976
0.9810767
5.068908e-06
nan
0.0057575274
0.08011582
0.7626152
0.96355593
0.9910058
0.034493357
0.9989478
0.85464853
0.99999654
3.7458316e-09
0.0066505815
0.17580563
0.99987876
0.9930461
0.9924334
0.99705964
0.99394625
0.9752211
nan
0.9999993
nan
nan
nan
0.2672253
0.9795889
0.9176811
nan
0.28210416
0.8685659
0.99990976
0.98867387
nan
0.007494827
0.9999223
nan
0.99955577
0.9958917
0.99618125
0.9999181
0.0018554545
0.4341698
nan
1.8404417e-09
nan
0.010220162
0.2278708
2.561106e-07
nan
nan
0.42751622
0.9999443
nan
0.8269579
1.0
0.7907105
0.9998135
nan
nan
nan
0.43357
0.31867817
0.9654378
nan
nan
0.9739266
0.07692857
4.598987e-05
1.0
0.5448029
0.9887793
nan
0.06712261
0.99865144
nan
0.9982687
0.90960574
nan
0.92726207
0.56520396
0.96722823
4.4090652e-06
0.7165759
0.91879374
nan
0.8767502
0.99919146
nan
nan
nan
0.95041466
nan
0.9033921
0.09643995
0.68301475
0.9959598
0.99681574
0.9990201
0.9089638
0.4534199
0.060257062
nan
0.9983387
0.99909234
0.05955522
0.0008374106
nan
0.07638161
0.9929763
nan
0.06973495
1.5956117e-05
0.99996483
0.9636528
nan
0.9992637
0.0778381
0.16588321
0.9999343
0.9929724
0.00021734415
0.22469573
0.21495394
0.9747103
0.99926764
7.987308e-08
0.96828353
nan
0.00056608394
0.9887376
0.9953968
0.97248864
0.89374155
0.1329394
0.029783508
0.74216133
0.4967663
0.997077
0.99905306
0.28176022
0.9951563
0.9982907
0.99998295
nan
0.98747396
0.0073810974
0.99978787
0.999263
0.4470538
0.9643766
0.9997582
nan
nan
0.9981055
0.90701944
0.011927402
0.2043119
0.9414275
0.0051246476
0.99956053
0.0001736259
1.8733552e-05
0.8334714
0.02108815
nan
nan
2.6635914e-07
0.9991246
0.9768197
0.98054564
0.08578409
0.9997714
0.9216527
0.001742335
nan
0.61861813
0.9949137
0.0059774364
0.0053899917
0.0037950973
0.9964463
0.9980558
0.96530795
nan
0.051394
0.98125535
1.0
0.90515256
0.9473088
nan
0.9944048
0.99552333
0.03939957
0.00023537807
0.9831512
0.99950385
0.5680414
0.008198481
nan
0.08522402
0.99682695
0.013772754
0.06347139
0.99917835
0.081455305
0.99910176
0.027230285
0.7008801
0.016594842
0.99903584
2.2142302e-05
1.0
5.8566184e-05
0.91366106
0.9090427
0.06332148
0.9831797
0.9158168
0.008146711
0.065351285
0.67147744
0.20277366
0.9605347
0.02667128
0.060362656
0.9999993
0.28612578
0.9244181
0.34026185
0.58434653
nan
0.02400474
1.0
0.99940574
0.99868315
0.2534774
0.0022867674
nan
0.95268166
0.3751326
0.0009517374
0.99677604
0.9999367
0.00013075097
0.025282377
0.9992637
0.0065403613
0.024028163
0.032064017
0.99965584
0.0002566071
nan
0.03183032
0.99232954
0.000557643
0.061437577
0.99999905
0.9999987
0.9909334
0.9608288
0.827727
0.0001314148
0.9986324
0.99408025
0.00018628384
0.26240116
0.0917517
0.932632
0.3889789
0.00013184533
0.9883618
0.43412596
0.9954359
0.79438645
nan
0.9953002
0.9010175
1.0
2.9397174e-06
0.020740978
0.011563429
0.8145712
nan
0.99996054
0.99977547
0.51539516
0.9789514
0.9784466
0.00021822583
0.028806763
0.9760957
0.996974
4.802467e-06
0.9982022
0.9999895
0.24987459
0.9915776
0.9497699
0.27209482
0.8321338
0.122177176
0.99959105
0.999443
0.9998834
0.4898566
0.9999651
0.9989386
0.04427775
nan
nan
0.0945783
nan
nan
nan
nan
1.0
0.15273912
nan
0.0060615023
0.97752863
0.80893344
nan
0.9994649
0.001179443
0.99812967
0.9651523
nan
nan
nan
0.9999995
nan
0.02893282
0.00035582326
0.9984114
0.95634913
0.30224425
0.7124883
0.99930835
0.9948349
0.036604382
0.99998987
nan
0.9520256
0.9998399
0.9987606
0.000564439
0.9802613
0.09237241
0.9987834
0.050354958
nan
0.5997116
0.044032697
0.015844373
nan
0.09392032
nan
0.45774895
0.0006025674
0.9665671
0.05593947
nan
0.8828657
0.035170194
0.06975196
0.07026744
0.9594496
0.9972248
0.95685357
nan
0.002144402
0.050747085
0.9597529
5.3455075e-05
0.6241019
0.005728106
0.98632914
0.9867714
1.0
nan
0.14202511
0.47585356
4.410066e-05
0.9438704
0.5034662
nan
0.99720806
0.09364813
0.7493853
nan
0.99999785
0.00036981414
0.0060202028
0.89901024
0.9984218
0.032430187
0.13285819
nan
0.6110069
0.99890983
0.062541276
0.9308195
0.9987429
0.00064925407
0.90697616
0.996923
3.8870726e-07
0.9975846
0.66740066
0.076610535
0.8972118
0.944416
nan
1.0
0.004713629
0.9987255
0.9999994
0.5346269
1.0338714e-05
0.84492654
0.9983322
0.8745918
0.0021571838
0.86130023
0.17721653
0.016304405
0.948969
nan
0.00045106525
0.2685988
0.86388034
2.3378252e-05
0.08803216
0.8830822
0.355103
0.035099808
0.18514942
0.975267
0.99518776
0.99999464
0.9676853
0.98043424
0.10440583
0.97113454
0.99429506
0.9514153
0.98628485
0.8479438
0.9778336
0.9995559
0.9985176
0.912944
nan
0.9787638
0.98060304
0.9999999
0.99997306
0.95147055
0.99900025
0.07689995
0.012623226
0.5915978
0.95776653
0.8178941
0.9999751
0.5492839
0.9982664
0.9860693
0.99999106
0.98965514
0.55268866
0.84333426
0.9817255
0.9781426
0.99072415
0.9764654
0.9943721
0.6358921
0.9998828
0.9985636
0.72407633
0.9999547
0.9974896
0.98568743
0.99862826
0.9206274
0.9841621
0.99997926
0.9721266
0.9993343
0.15216778
0.98157537
0.9067201
0.99929154
0.9818441
0.9957236
0.99999774
0.8510846
0.9919093
0.999223
0.96547234
0.98932785
0.9887566
0.80365086
0.99510264
0.99290985
0.9500393
0.9623545
0.9997832
0.9175705
0.9886417
0.9394949
0.9999888
0.7982985
0.99998426
0.997837
0.9996717
0.999962
0.9994261
0.99908066
0.992508
0.95385617
nan
0.9979195
0.9978884
0.9322862
0.9104816
0.85925454
0.96012175
0.97501254
0.9774829
0.99828374
0.98757136
0.96762675
0.57410693
0.71318424
0.8952283
0.9783499
0.99952424
0.97007936
0.35615507
0.9950742
0.9612897
0.99940646
0.9998661
0.9995881
0.98643935
0.99994206
0.9699523
0.99876934
0.95820004
0.98937607
0.9753204
0.11009465
0.9898372
0.89300996
0.9934549
0.9488023
0.9904779
0.98706055
0.99302566
0.9616304
1.0
0.9999727
0.9999852
0.6921719
0.9998709
0.026730428
0.9989349
0.99999523
0.92942894
0.9655397
0.9962399
0.99651474
0.9751654
0.99985135
0.9995364
0.79359883
0.99986935
0.99603134
0.9835851
0.99819106
0.88016313
0.15235528
0.86509025
0.97281027
0.999137
0.9988932
0.19128881
0.9999999
0.9996056
0.9999951
0.9995689
0.009586064
1.0
0.9994343
0.99880695
0.99781716
0.99765104
0.9405519
0.08441944
0.99829596
0.8561347
0.9999976
0.05709421
0.6263115
0.7378515
0.88023835
0.99405104
0.9934731
0.9980945
0.9988023
0.9820041
0.99146396
0.93089753
0.09607533
0.9834282
0.9993637
0.9995977
0.999645
0.31244636
0.9999778
0.97548544
0.9638872
0.3462222
0.9998197
0.94877344
0.9931896
0.70968515
0.8933009
0.98790795
nan
0.99999297
0.98289055
0.9999434
0.99898094
0.9937629
0.971168
0.9999976
0.9964675
0.99829775
0.92791605
0.99980444
0.9246066
0.9968689
0.99971277
0.96966434
0.9994886
0.9225349
0.9870668
0.9909763
0.99527884
0.79811996
0.972242
0.9998017
0.27821308
0.9996685
0.9781984
0.9997962
0.8210769
0.88104194
0.993105
0.9999585
0.9981559
0.9930542
0.999977
0.9877493
0.98913074
0.9179448
0.023183817
0.9977906
0.9418776
0.9996706
0.9914392
0.98836863
1.0
0.9996309
0.6526519
0.9998995
0.07788127
0.85594696
0.98943186
0.52907264
0.31477216
0.9975452
0.0062805866
0.9919144
0.97962004
8.902619e-06
1.0
0.9998425
0.9997235
0.99968934
0.9976642
0.9988489
nan
0.99934465
0.92492324
nan
0.9965094
0.99452317
0.9996674
1.0
1.0
nan
1.0
0.99961734
nan
0.61514616
0.99999154
0.97611135
1.0
0.9900864
nan
0.9999957
0.98054343
0.15823677
nan
0.39128113
0.9945205
0.14002384
0.9997068
0.65085787
0.99999535
nan
0.99378866
0.9999745
0.99230313
nan
nan
0.9996184
0.9900092
0.98411894
0.995583
0.9999418
0.9933222
0.9958197
0.9990707
0.022733102
0.99997246
nan
0.99363965
0.75691795
0.98883367
0.6937163
0.9663106
nan
nan
0.013618684
0.9996972
0.0083656935
1.0
0.9999771
0.9953751
0.9998971
nan
nan
1.0
0.9763282
nan
0.9938398
1.0
0.9996642
nan
0.99925524
0.99045146
0.44287091
0.7629367
0.9986431
0.9712927
0.01571482
0.016678259
0.9999857
0.9989728
nan
0.9986603
0.9780693
0.9906371
0.9994293
0.98204666
0.9997949
0.9981894
0.9840815
0.9491816
1.0
0.999987
0.85086155
0.7496271
0.9999975
nan
7.933861e-06
0.9470754
0.9900032
0.9999695
0.9712534
nan
0.9522342
0.99997187
0.98317474
0.9976674
nan
0.9993876
0.9996588
0.8402624
0.97575265
0.9999838
0.9999027
nan
0.9993056
0.99994826
0.9803477
0.9951174
0.9831981
0.9982772
0.6962898
0.9999932
0.98966587
0.9999162
0.9875136
0.9994605
0.9850697
0.92593527
0.96132696
0.99964905
0.9993781
0.9999721
0.9129617
0.99611783
0.999902
1.0
1.0
0.9963637
0.9891468
nan
0.75768
0.99881256
0.9978346
nan
0.9923765
0.8068924
0.9927689
0.9999821
nan
0.9992242
0.99925476
0.79580396
0.9827983
1.0
0.6985295
0.95077026
0.0065683024
0.99865615
0.99980396
0.99995387
0.9998241
0.9910637
0.9630007
0.98063654
0.9048008
0.9941784
0.5026488
0.9179298
1.0
0.54239196
0.9991968
0.99561864
0.6692848
0.98529804
0.9999943
0.99994755
0.17261007
0.9982876
1.0
0.9995455
0.98142415
0.9994764
0.99999475
0.9999646
0.91922295
0.9999957
0.08228901
1.0
0.99992883
0.99926704
0.9998685
0.99231684
0.9999815
0.99984896
0.9358005
0.9999454
nan
0.99803394
0.9987746
1.0
0.7701218
0.67826974
nan
0.9996081
0.9995901
1.0
1.0
0.9999999
0.99842864
0.030713908
0.956382
0.99998116
nan
nan
nan
5.8519606e-07
nan
0.014397452
0.88477623
0.9998877
nan
0.33553728
nan
nan
0.98430353
nan
0.48079452
nan
nan
nan
nan
nan
nan
0.96975255
nan
0.78612745
0.62255657
nan
nan
nan
nan
nan
nan
0.0029707698
nan
nan
0.92385817
0.9997533
0.9983138
nan
nan
0.76092356
0.0063386783
0.10564622
0.6370121
0.5400711
nan
0.11405442
nan
0.00033029282
0.998331
0.04350357
nan
nan
0.99274546
nan
0.9658617
0.98955566
nan
0.9973477
0.699409
nan
nan
nan
0.0454837
nan
0.00041982115
nan
0.95097136
0.00021760167
0.9995596
nan
6.8484896e-06
nan
0.038756493
nan
0.0004925024
nan
0.0019116491
nan
0.0022274305
0.99653035
0.99979466
0.0032602223
nan
0.11905949
0.5296638
0.0026968056
0.9975948
0.9999999
nan
0.9531273
0.9918795
0.00016953956
nan
nan
0.32213968
0.9999925
0.11270182
0.9915051
nan
nan
0.1671813
nan
nan
nan
0.57820344
0.44995117
nan
3.0215957e-05
0.49520046
nan
nan
nan
0.000120708784
0.79910266
0.99738663
nan
nan
0.00022414864
0.99229175
nan
nan
nan
nan
0.23011006
0.9999962
1.6914213e-07
nan
0.9645984
0.9608242
0.0005246294
nan
0.9902524
nan
nan
0.9866289
0.2615933
nan
nan
nan
nan
nan
0.9998845
nan
0.27101183
nan
nan
nan
nan
0.6326794
0.9971163
0.00019178427
0.99969375
0.056017723
0.9219122
0.99998474
7.8694946e-05
0.0151766855
nan
0.9480294
0.99539775
0.0020287817
nan
0.9635261
nan
0.49936664
nan
0.999998
0.020481741
0.94331694
nan
nan
0.99283504
0.33996427
0.0072743767
0.99774015
nan
nan
nan
0.0037445934
0.9998241
nan
0.9912888
0.9954118
nan
nan
0.998779
0.20938571
3.6176463e-08
0.7956829
nan
0.96815675
0.5153545
nan
nan
0.07520721
0.003962763
nan
0.99548596
0.9359815
nan
0.78321993
1.9927005e-05
nan
nan
0.9242511
0.9999882
0.9998529
0.9248388
0.99806374
nan
0.76234037
0.00015740443
0.9966084
0.97740173
0.99990475
0.9839702
0.95832515
0.03558892
nan
5.255498e-08
0.13370174
0.011505057
0.025475752
0.13409436
0.9716139
nan
0.025997104
0.96753746
0.9947595
4.589085e-06
0.47381213
0.99995244
nan
nan
0.99633443
0.0022854244
nan
nan
0.07298462
0.03466964
nan
0.070586614
0.12965964
0.9247529
3.9591217e-07
0.76755357
0.9885295
nan
0.9999205
nan
0.9994005
6.703258e-05
0.106446676
0.96660453
0.26221833
0.99741447
nan
0.9601841
nan
nan
0.036371913
nan
0.9999585
0.9527595
0.0006998766
5.6448815e-05
0.999721
0.9999999
0.019559467
0.9593522
nan
0.001877866
0.1958614
9.573408e-06
0.9553023
0.611048
0.9511974
0.9353536
nan
nan
nan
0.0442211
0.9971771
nan
nan
0.99303025
0.0007488795
0.7966696
nan
nan
0.00033728514
0.99997175
0.9875661
nan
nan
nan
0.13400252
nan
0.1705296
0.0064115655
4.918436e-08
nan
nan
nan
0.43191373
0.068644814
nan
nan
0.00024061924
nan
nan
0.9999982
0.9861259
nan
0.9919205
4.723586e-06
2.9934902e-06
0.99512154
0.6592218
0.56038696
nan
0.94962627
nan
0.8263547
0.0012143552
0.99216014
nan
2.3510609e-05
0.030350419
0.99702305
1.0
nan
0.10444715
0.7073278
nan
0.9742113
1.0
0.048685465
0.09612628
0.9963313
nan
nan
0.9985923
0.00020027455
0.9986093
8.1441474e-05
3.9680685e-06
0.95326984
0.99641585
nan
0.002341218
nan
0.9961438
0.0014574558
0.99801946
0.99759287
0.5625732
nan
0.6240173
0.006663709
0.3705481
0.99995387
0.011492862
0.60727465
0.0061053955
0.9992106
0.9587636
nan
0.9991685
nan
0.0743201
0.9964341
0.9998944
0.999582
nan
3.6718907e-07
0.16460666
nan
0.0048218262
0.8739835
0.9807695
0.04074805
0.9999999
1.0
0.87075347
0.0009490173
0.9692579
0.47377732
0.97328883
0.027982859
0.98998827
3.874762e-05
nan
0.99809223
5.222441e-06
0.99688834
0.5096639
6.874074e-08
0.99346995
nan
0.9379175
nan
0.9734551
0.84084344
0.9306544
0.00031578145
7.2911903e-06
0.99878424
2.0508744e-06
0.12567487
0.9902772
0.95387244
nan
0.93771815
0.9989831
0.999335
4.9186892e-05
0.9996476
nan
0.7024272
0.9566347
0.9999999
1.0
0.334489
0.74079746
0.7813271
0.9999826
0.5586331
0.0028698156
0.99878997
0.00017805216
0.9999777
0.93868864
nan
0.08096155
0.9971035
2.20482e-05
nan
0.7925084
0.9681594
nan
nan
0.9799896
0.9938176
1.00054955e-07
0.00012833708
0.9822196
0.9995371
0.9984207
0.0020301812
0.0043649487
0.00033331182
0.110714816
0.115000844
0.09471639
0.99231076
0.012790741
0.091710955
0.12661323
7.918371e-05
7.186404e-05
0.07519862
0.9975916
0.9188161
0.9976248
0.99986506
0.771111
0.3055694
0.0504422
6.7459275e-08
0.0005006822
0.0023508295
0.020741187
0.9977983
0.9771138
0.110849835
1.480945e-06
0.9823512
nan
0.00048575876
0.09361811
0.0051364866
0.9999106
0.93995595
0.9995216
0.9999957
0.96826607
3.0451427e-05
0.5136961
0.30519822
0.988381
0.07116441
0.9281505
0.00011366168
0.9855694
0.00321456
nan
0.9796515
0.015589135
0.93336546
0.009279711
0.31585866
0.023361271
0.29455712
0.99999964
0.99355525
1.9575107e-05
0.95720965
0.99951375
0.99297065
nan
0.6110711
0.048577987
0.99953604
0.0067547206
0.0020150496
nan
2.8333443e-05
0.00860538
nan
0.8671561
nan
nan
nan
nan
0.9430042
0.9995297
0.37483656
0.7901429
nan
nan
0.0027841402
0.041634325
0.8929056
0.9971783
nan
0.6920383
0.9997545
0.024828922
0.22945945
nan
nan
0.02862709
nan
0.99775
0.00042433877
0.76018363
0.99700636
nan
0.99877304
nan
0.001339445
0.9128038
nan
0.9960355
0.7376005
0.072950624
0.13079636
nan
nan
0.49641788
7.485793e-05
nan
nan
0.9996351
0.9999422
nan
nan
nan
0.990824
0.9929652
0.95603526
0.10040189
0.0105699785
nan
0.6199032
0.996351
nan
5.2520532e-05
0.97201353
0.99975234
0.98425907
0.9999987
nan
0.9997701
nan
nan
0.99431807
0.9994986
nan
0.29721528
nan
1.0
nan
0.005583268
nan
0.9842545
0.027560007
nan
0.21270905
nan
nan
nan
0.88764656
0.99909115
nan
0.00025791617
0.0022225683
0.22743562
0.001302065
nan
0.9942105
0.75510895
3.0867998e-06
0.98126775
0.0026419165
0.0038454032
7.473069e-05
0.022306168
0.0064814272
0.9996697
nan
0.9533274
nan
nan
nan
0.99686146
0.15672079
0.32083735
0.14747262
0.09050649
0.016407296
0.9940871
0.013992946
0.012447473
nan
nan
nan
0.25736713
0.045850944
nan
0.97830564
0.00030948725
0.9774445
0.9579436
0.8536578
0.011437323
1.0
0.00025400936
1.1522616e-09
0.99970335
0.76919526
0.16248687
3.4179673e-06
nan
0.83460015
0.66188085
0.9080048
0.9753328
0.9604984
0.6479616
nan
0.0144825345
1.7225231e-05
nan
0.0034826118
nan
0.9998047
nan
0.25604
0.8973015
0.04181512
nan
nan
4.7383346e-05
0.00030352504
2.1416865e-05
nan
0.965751
nan
0.023530774
0.13720603
0.00018556266
0.0010069064
5.4579536e-06
0.0003295213
nan
0.9999989
0.0005591268
0.19756252
0.9705833
nan
0.9826952
nan
0.05062296
nan
0.073803924
nan
0.9996729
nan
0.9999907
nan
0.5561089
nan
nan
0.059905186
0.0015286694
nan
0.9937092
0.7922038
0.92979145
5.5784843e-09
0.9959067
nan
0.69229
0.99508166
0.00045302548
0.02797799
0.9924407
0.9900394
0.002936239
0.99984515
0.0055488143
1.0
0.001900012
0.98874414
nan
0.1406639
0.004927689
0.07841816
0.004615873
0.7786891
0.21294606
0.9941069
0.99920255
0.99979883
0.5414261
0.009643858
0.99948895
0.13027625
0.24729212
0.30874112
nan
1.0
nan
0.9842704
0.9999995
1.0
0.96674514
0.0021241521
0.064577
0.9991547
0.038764197
0.99970514
0.13959458
0.13755111
0.9982151
0.86686146
nan
1.0
2.6852142e-06
0.0010362302
0.5857684
0.99703777
2.5131798e-05
nan
0.996855
0.0042173737
0.999747
0.9999597
9.212741e-05
0.08597274
nan
0.9983658
nan
0.952836
0.9965571
0.99937695
0.12428288
0.073848404
0.97555
nan
0.9999312
0.9995554
0.00016235358
0.98945767
0.9856675
0.99928325
nan
0.9005091
0.6019712
0.9698028
0.99936205
0.22472262
9.499556e-08
0.98761207
0.056218386
0.0018526379
0.9733803
0.99990153
0.99888486
0.37012812
9.2581664e-05
0.9081169
0.99848974
0.97919285
0.089636184
0.98416185
0.7197408
0.11959792
nan
0.016646303
0.99994195
0.9989222
3.8632028e-05
0.99935085
nan
0.10581688
0.15000865
0.002544553
0.98353773
0.5470504
0.00027129558
0.9998896
0.99921596
nan
0.999997
nan
0.02215292
0.7299944
0.97896075
0.000885988
0.9608357
0.99813384
0.0040409896
0.09685068
0.9973568
0.0008032007
0.012270101
0.2840978
0.009076383
0.0001515918
0.44330752
2.7607155e-05
0.9762715
0.14979462
0.020855105
9.530152e-05
0.99843353
0.0004081229
1.9166388e-05
0.9948206
